0.000833889
0.00116744
0.000333556
0.000667111
0.000333556
0.000833889
0.000333556
0.000833889
0.00116744
0.00116744
0.00283522
0.00100067
0.000833889
0.000166778
0.00116744
0.000667111
0.001501
0.00100067
0.00116744
0.000500334
0.000500334
0.000667111
0.000833889
0.000500334
0.000833889
0.000833889
0.000333556
0.00100067
0.000333556
0.00100067
0.000667111
0.000333556
0.000667111
0.000333556
0.000333556
0.000833889
0.000333556
0.00100067
0.000667111
0.000166778
0.00100067
0.000166778
0.000333556
0.000500334
0.000166778
0.000500334
0.000333556
0
0.000500334
0.000500334
0.000333556
0.000667111
0.000667111
0.000333556
0.000500334
0.000500334
0.000166778
0.000667111
0.000500334
0.000333556
0.000166778
0.000833889
0.000833889
0.000667111
0.000333556
0.000166778
0.000500334
0.000166778
0.000833889
0.000333556
0.000166778
0.000667111
0.000333556
0.000333556
0.000500334
0.000500334
0.000500334
0.000333556
0.000333556
0.000500334
0.000333556
0.000500334
0.000333556
0.000500334
0.000500334
0.000166778
0
0.000333556
0.00100067
0.000333556
0.000166778
0.00100067
0.000667111
0.000166778
0.000500334
0.000333556
0.000333556
0.000500334
0
0.000166778
0.000333556
0.000333556
0.000333556
0.000333556
0.000500334
0.000333556
0.000500334
0.00100067
0.000166778
0.000667111
0.000333556
0.000333556
0.000333556
0.000166778
0.000667111
0.000500334
0.00100067
0.000500334
0.000333556
0
0.000833889
0.00116744
0.000333556
0.000166778
0.000333556
0.000667111
0.000166778
0.000500334
0.000166778
0.000333556
0.000500334
0
0.000166778
0.000667111
0.000667111
0.000333556
0.000500334
0
0.000333556
0.000500334
0.00166778
0.000333556
0.000166778
0.000333556
0.000166778
0.000333556
0.00133422
0.000166778
0.000166778
0.000667111
0.00133422
0.000667111
0.00133422
0.000333556
0.00183456
0.001501
0.000333556
0.000333556
0.000833889
0.000166778
0
0.000500334
0.000166778
0.000166778
0.000500334
0.000166778
0.000166778
0
0
0.000333556
0.000500334
0
0.000166778
0.000333556
0
0
0.00183456
0.000166778
0.000166778
0.000166778
0
0
0.000166778
0
0.000333556
0.000333556
0.000500334
0.000166778
0.000166778
0.000166778
0.000166778
0.000166778
0.000166778
0
0
0.000333556
0.000500334
0.000166778
0.000333556
0
0.000166778
0.000166778
0
0
0
0.000833889
0.000833889
0
0.000166778
0.000333556
0
0
0
0.000166778
0
0
0
0
0
0.000166778
0.000166778
0
0
0.000166778
0.00133422
0.000166778
0.000166778
0.000166778
0.000333556
0.000166778
0
0
0.000333556
0.000166778
0
0.000166778
0.000333556
0
0.000166778
0
0.000166778
0.000333556
0.000500334
0.000166778
0.000166778
0.000166778
0.000500334
0
0.000166778
0
0
0
0.000500334
0.000166778
0
0
0.000833889
0.000833889
0.000166778
0.00100067
0
0
0
0
0
0
0
0
0
0.000166778
0
0
0
0
0
0
0
0.000166778
0.000500334
0
0
0.000333556
0
0
0
0.000166778
0.000166778
0.000333556
0
0
0
0
0
0
0
0
0
0
0
0
0
0.000166778
0.000166778
0
0
0.000166778
0
0
0
0
0.000333556
0
0
0
0
0
0
0.000166778
0
0
0
0
0.000166778
0
0
0.000166778
0
0
0.000166778
0
0
0.000166778
0
0
0
0
0
0.000166778
0
0.000166778
0
0.000166778
0
0.000166778
0.000166778
0
0.000166778
0
0
0
0
0
0
0
0
0
0
0.000166778
0.000166778
0.000333556
0
0.000166778
0
0
0.000333556
0
0
0
0
0
0.000166778
0.000166778
0
0
0
0
0.000166778
0
0.000166778
0
0
0
0
0.000333556
0
0
0.000667111
0
0
0.000166778
0
0
0.000500334
0
0.000166778
0.000166778
0.000166778
0.000500334
0
0
0
0.000833889
0
0.000166778
0
0
0
0.000500334
0
0
0
0
0.000166778
0
0.000166778
0
0.000166778
0.000333556
0.000667111
0.000166778
0.000166778
0.000833889
0.000166778
0
0
0
0
0.00100067
0.000833889
0.000166778
0
0
0.000166778
0.000166778
0.000333556
0
0.000166778
0.000667111
0.000500334
0.000500334
0
0.000166778
0.000500334
0.000166778
0.000166778
0.000166778
0.001501
0.000166778
0.000166778
0
0.000166778
0.000667111
0.000166778
0
0.000166778
0.000500334
0.000333556
0.000166778
0.000333556
0.000166778
0.000333556
0.000166778
0.000166778
0
0.000166778
0.000166778
0.000166778
0.000500334
0.000667111
0.000500334
0.000166778
0.000166778
0.000166778
0.000333556
0.000166778
0.000667111
0.000166778
0
0.000333556
0.00116744
0.000166778
0.000333556
0.000500334
0.000166778
0.000333556
0
0.000333556
0.000166778
0
0.000333556
0.000667111
0.000667111
0.000166778
0.000166778
0.000500334
0.000500334
0
0.000500334
0.000333556
0
0.000500334
0.000166778
0
0.000333556
0.000833889
0.000500334
0.000166778
0.000166778
0.00233489
0.000166778
0.000667111
0.000333556
0.000166778
0.000166778
0.000166778
0.000833889
0.000166778
0.000333556
0.000166778
0.000500334
0.000166778
0.000500334
0.000500334
0.000500334
0.000333556
0.000166778
0.000166778
0
0.000166778
0.000333556
0.000166778
0.000667111
0.000166778
0
0.000166778
0.000166778
0.000333556
0.000166778
0.000333556
0.00116744
0.000667111
0.000833889
0.00216811
0.000667111
0.003002
0.000833889
0.00116744
0.000667111
0.00200133
0.00116744
0.00116744
0.000500334
0.001501
0.000833889
0.00133422
0.000333556
0.00133422
0.000500334
0.00133422
0.000833889
0.000833889
0.000667111
0.000667111
0.000833889
0.000500334
0.000500334
0.000667111
0.000667111
0.00100067
0.00350233
0.000500334
0.000833889
0.000667111
0.000833889
0.00100067
0.000667111
0.000833889
0.000333556
0.00100067
0.001501
0.001501
0.00166778
0.00116744
0.001501
0.000667111
0.000833889
0.00166778
0.00383589
0.00183456
0.00350233
0.00283522
0.00200133
0.00400267
0.004503
0.00383589
0.00316878
0.00366911
0.00233489
0.00433622
0.006004
0.00283522
0.00383589
0.00416945
0.00416945
0.007505
0.00383589
0.00717145
0.0136758
0.0226818
0.00633756
0.0196798
0.0206805
0.00783856
0.007505
0.00633756
0.00733823
0.0118412
0.0111741
0.00583722
0.00650434
0.00700467
0.00733823
0.0138426
0.0103402
0.00933956
0.010507
0.00850567
0.00633756
0.0111741
0.00967312
0.00767178
0.0206805
0.0106738
0.010507
0.0148432
0.0175117
0.0131755
0.0148432
0.0126751
0.0130087
0.0118412
0.0185123
0.0130087
0.0153436
0.0233489
0.021014
0.0552035
0.0230153
0.0200133
0.0243496
0.0243496
0.0246831
0.033022
0.0588726
0.0250167
0.0433622
0.0301868
0.0368579
0.0797198
0.0850567
0.0787191
0.0997332
0.148432
0.127418
0.157438
0.125584
0.117412
0.128753
0.133422
0.132422
0.134757
0.12008
0.127252
0.154103
0.180787
0.200467
0.214977
0.207305
0.220314
0.224316
0.16461
0.23966
0.241661
0.321381
0.30954
1
0.274683
1
0.334723
0.272849
0.334723
0.334723
0.325217
0.283189
1
0.323382
1
0.334723
0.271681
0.335057
0.335057
1
0.337892
0.337892
0.291694
0.296031
1
0.299033
1
1
1
1
1
1
1
1
1
1
1
1
1
1
1
1
1
1
1
1
1
1
1
1
1
1
1
1
1
1
1
1
1
1
1
1
1
1
1
1
1
1
1
1
1
1
1
1
1
1
1
1
1
1
1
1
1
1
1
1
1
1
1
1
1
1
1
1
1
1
1
1
1
1
1
1
1
1
1
1
1
1
1
1
1
1
1
1
1
1
1
1
1
1
1
1
1
1
1
1
1
1
1
1
1
1
1
1
1
1
1
1
1
1
1
1
1
1
1
1
1
1
1
1
1
1
1
1
1
1
1
1
1
1
1
1
1
1
1
1
1
1
1
1
1
1
1
1
1
1
1
1
1
1
1
1
1
1
1
1
1
1
1
1
1
1
1
1
1
1
1
1
1
1
1
1
1
1
1
1
1
1
1
1
1
1
1
1
1
1
1
1
1
1
1
1
1
1
1
1
1
1
1
1
1
1
1
1
1
1
1
1
1
1
1
1
1
1
1
1
1
1
1
1
1
1
1
1
1
1
1
1
1
1
1
1
1
1
1
1
1
1
1
1
1
1
1
1
1
1
1
1
1
1
1
1
1
1
1
1
1
1
1
1
1
1
1
1
1
1
1
1
1
1
1
1
1
1
1
1
1
1
1
1
1
1
1
1
1
1
1
1
1
1
1
1
1
1
1
1
1
1
1
1
1
1
1
1
1
1
1
1
1
1
1
1
1
1
1
1
1
1
1
1
1
1
1
1
1
1
1
1
1
1
1
1
1
1
1
1
1
1
1
1
1
1
1
1
1
1
1
1
1
1
1
1
1
1
1
1
1
1
1
1
1
1
1
1
1
1
1
1
1
1
1
1
1
1
1
1
1
1
1
1
1
1
1
1
1
1
1
1
1
1
1
1
1
1
1
1
1
1
1
1
1
1
1
1
1
1
1
1
1
1
1
1
1
1
1
1
1
1
1
1
1
1
1
1
1
1
1
1
1
1
1
1
1
1
1
1
1
1
1
1
1
1
1
1
1
1
1
1
1
1
1
1
1
1
1
1
1
1
1
1
1
1
1
1
1
1
1
1
1
1
1
1
1
1
1
1
1
1
1
1
1
1
1
1
1
1
1
1
1
1
1
1
1
1
1
1
1
1
1
1
1
1
1
1
1
1
1
1
1
1
1
1
1
1
1
1
1
1
1
1
1
1
1
1
1
1
1
1
1
1
1
1
1
1
1
1
1
1
1
1
1
1
1
1
1
1
1
1
1
1
1
1
1
1
1
1
1
1
1
1
1
1
1
1
1
1
1
1
1
1
1
1
1
1
1
1
1
1
1
1
1
1
1
1
1
1
1
1
1
1
1
1
1
1
1
1
1
1
1
1
1
1
1
1
1
1
1
1
1
1
1
1
1
1
1
1
1
1
1
1
1
1
1
1
1
1
1
1
1
1
1
1
1
1
1
1
1
1
1
1
1
1
1
1
1
1
1
1
1
1
1
1
1
1
1
1
1
1
1
1
1
1
1
1
1
1
1
1
1
1
1
1
1
1
1
1
1
1
1
1
1
1
1
1
1
1
1
1
1
1
1
1
1
1
1
1
1
1
1
1
1
1
1
1
1
1
1
1
1
1
1
1
1
1
1
1
1
1
1
1
1
1
1
1
1
1
1
1
1
1
1
1
1
1
1
1
1
1
1
1
1
1
1
1
1
1
1
1
1
1
1
1
1
1
1
1
1
1
1
1
1
1
1
1
1
1
1
1
1
1
1
1
1
1
1
1
1
1
1
1
1
1
1
1
1
1
1
1
